GAMEHOW.RANDOM4
6,7,8,9,10,11,12



강소라 D 9,김지원 B 5,김희애 C 8,김혜수 E 10,송혜교 A 1,전지연 E 11
2 5 1 3,1 5 0 4,0 3 2 4,1 2 4 5,0 1 2 3,0 5 3 4
강소라 D 9,김지원 B 5,김희애 C 8,김혜수 E 10,송혜교 A 1,전지연 E 11,손담비 D 8
5 6 0 3,0 4 1 2,3 6 2 5,0 5 1 4,0 1 2 3,4 5 2 6,4 6 1 3
강소라 D 9,김지원 B 5,김희애 C 8,김혜수 E 10,송혜교 A 1,전지연 E 11,손담비 D 8,공효진 C 7
1 3 5 6,0 2 4 7,4 6 0 3,5 7 1 2,2 7 3 6,1 5 0 4,4 5 6 7,0 1 2 3
강소라 D 9,김지원 B 5,김희애 C 8,김혜수 E 10,송혜교 A 1,전지연 E 11,손담비 D 8,공효진 C 7,김정은 C 7
4 6 0 2,2 8 3 7,0 8 1 5,4 5 6 7,0 1 2 3,2 4 5 8,0 6 1 7,5 6 3 8,1 3 4 7
강소라 D 9,김지원 B 5,김희애 C 8,김혜수 E 10,송혜교 A 1,전지연 E 11,손담비 D 8,공효진 C 7,김정은 C 7,조여정 D 9
0 1 2 3,0 5 8 9,1 8 4 6,2 7 3 9,4 5 6 7,1 9 3 8,0 2 5 6,0 9 1 4,3 7 6 8,2 5 4 7
강소라 D 9,김지원 B 5,김희애 C 8,김혜수 E 10,송혜교 A 1,전지연 E 11,손담비 D 8,공효진 C 7,김정은 C 7,조여정 D 9,하지원 C 5
0 9 7 8,0 5 1 9,2 10 3 4,1 7 6 8,2 4 5 9,3 10 8 9,4 5 6 7,0 1 2 3,0 10 5 6,1 2 7 10,3 8 4 6
강소라 D 9,김지원 B 5,김희애 C 8,김혜수 E 10,송혜교 A 1,전지연 E 11,손담비 D 8,공효진 C 7,김정은 C 7,조여정 D 9,하지원 C 5,김다미 A 0
4 6 8 10,1 2 3 7,0 5 9 11,0 3 6 8,8 9 10 11,4 5 6 7,1 5 8 11,0 2 4 10,3 6 7 9,2 4 5 11,1 7 9 10,0 1 2 3

